x1;x2;x3;x4;x5;x6
88.4;98.1;73.3;35.5;5.1;30.4
98.1;50.6;51.2;13.9;29;8.4
73.3;51.2;88.9;1.1;10;20.6
35.5;13.9;1.1;79.4;53.3;75.8
5.1;29;10;53.3;5.5;86.3
30.4;8.4;20.6;75.8;86.3;63.3
